(Mildenhall et al., 2020)
0
0
0
0
0
0
0
0
0
0
0
0
0
0
0
0
0
0
0
0
0
0
0
0
0
0
0
0
0
0
0
0
0
0
0
0
0
0
0
0
0
0
0
0
0
0
0
0
(Fan et al., 2025)
0
0
0
0
0
0
0
0
0
0
0
0
0
0
0
(Bertalmio, 2000)
(Criminisi et al., 2004)
0
0
0
0
0
0
0
0
0
0
0
0
0
0
0
0
0
0
0
0
0
0
0
0
0
0
0
0
(Bertalmio, 2000)
(Criminisi et al., 2004)
0
0
0
0
0
0
0
0
0
0
(Bertalmio, 2000)
(Criminisi et al., 2004)
0
0
0
0
0
0
0
0
0
0
0
0
0
0
0
0
0
0
0
0
0
0
0
0
0
0
0
0
0
0
0
0
0
0
0
0
0
0
0
0
0
0
0
0
0
0
0
0
0
0
0
0
0
0
0
0
0
0
0
0
0
0
0
(Weber et al., 2024)
0
0
0
0
0
0
0
0
0
0
0
0
(Weber et al., 2024)
0
0
0
0
0
0
0
0
0
0
0
0
0
0
0
0
0
0
0
0
0
0
0
0
